11 5 1
20 10 2
7 3 1
200 30 10
5 12 3
10 7 17
7 8 2
3 4 5
8 30 6
3 8 10
12 200 4
12 20 8
3 5 6
7 7 3
10 12 1
3 4 4
-1

7 11 1
3 5 2
11 9 3
5 11 4
7 1 3
5 9 2
5 7 2
3 11 1
1 11 4
13 7 3
11 3 1
9 5 2
5 11 3
-1

7 11 1
3 5 2
11 9 3
7 1 3
1 11 2
13 7 3
11 3 4
9 5 1
-1

5 10 1
4 6 1
1 2 1
10 11 1
4 9 1
2 5 1
2 3 1
8 10 1
4 5 1
2 4 1
5 8 1
6 11 1
9 10 1
3 7 1
6 9 1
7 10 1
-1

1 2 1
2 3 1
1 3 1
-1

4 6 7
4 1 3
4 2 5
6 3 1
6 0 2
1 3 6
2 0 4
2 3 2
3 5 2
0 5 3
-1







12 5 1
6 9 1
7 8 1
1 3 1
4 5 1
1 2 1
2 4 1
3 6 1
4 9 1
11 3 1
4 8 1
8 1 1
6 6 1
3 2 1
-1